1.0 1.0
1.07 1.04
1.15 1.04
1.23 1.04
1.31 1.04
1.38 1.02
1.4 0.94
1.47 0.91
1.55 0.93
1.62 0.9
1.69 0.86
1.77 0.84
1.85 0.85
1.93 0.83
2.01 0.83
2.09 0.83
2.17 0.83
2.25 0.83
2.33 0.83
2.37 0.9
2.45 0.89
2.53 0.91
2.56 0.99
2.64 0.98
2.72 0.98
2.8 0.99
2.86 1.04
2.93 1.03
2.97 1.1
3.02 1.16
3.1 1.19
3.14 1.25
3.19 1.32
3.27 1.33
3.33 1.38
3.35 1.46
3.35 1.54
3.37 1.61
3.41 1.68
3.45 1.75
3.49 1.82
3.54 1.89
3.58 1.96
3.62 2.03
3.66 2.09
3.7 2.16
3.74 2.23
3.78 2.3
3.82 2.37
3.87 2.44
3.91 2.51
3.95 2.57
3.99 2.64
4.03 2.71
4.07 2.78
4.11 2.85
4.15 2.92
4.19 2.99
4.24 3.05
4.28 3.12
4.35 3.08
4.42 3.05
4.49 3.0
4.55 2.96
4.62 2.92
4.7 2.89
4.7 2.81
4.76 2.76
4.83 2.72
4.9 2.68
4.97 2.66
5.05 2.62
5.12 2.59
5.18 2.54
5.25 2.51
5.32 2.47
5.4 2.49
5.48 2.48
5.48 2.48
5.53 2.54
5.59 2.59
5.64 2.65
5.7 2.71
5.75 2.77
5.81 2.83
5.86 2.89
5.92 2.94
5.97 3.0
6.02 3.06
6.08 3.12
6.13 3.18
6.19 3.24
6.24 3.3
6.3 3.35
6.35 3.41
6.41 3.47
6.46 3.53
6.52 3.59
6.57 3.65
6.63 3.7
6.68 3.76
6.74 3.82
6.79 3.88
6.84 3.94
6.9 4.0
6.95 4.05
7.01 4.11
7.06 4.17
7.12 4.23
7.17 4.29
7.23 4.35
7.28 4.4
7.34 4.46
7.39 4.52
7.45 4.58
7.5 4.64
7.56 4.7
7.61 4.76
7.66 4.81
7.66 4.89
7.59 4.94
7.51 4.97
7.48 5.04
7.46 5.11
7.42 5.19
7.36 5.24
7.36 5.32
7.38 5.4
7.35 5.47
7.36 5.55
7.28 5.56
7.25 5.64
7.23 5.71
7.2 5.79
7.16 5.86
7.14 5.93
7.11 6.01
7.04 6.04
7.0 6.11
6.94 6.16
6.9 6.23
6.88 6.31
6.82 6.36
6.75 6.41
6.69 6.46
6.63 6.51
6.57 6.56
6.63 6.62
6.68 6.68
6.74 6.73
6.8 6.79
6.85 6.85
6.91 6.9
6.97 6.96
7.02 7.02
7.08 7.07
7.14 7.13
7.19 7.19
7.25 7.24
7.31 7.3
7.36 7.36
7.42 7.41
7.48 7.47
7.53 7.53
7.59 7.58
7.64 7.64
7.7 7.7
7.76 7.75
7.81 7.81
7.87 7.87
7.93 7.92
7.98 7.98
8.04 8.04
8.1 8.09
8.15 8.15
8.21 8.21
8.27 8.26
8.32 8.32
8.38 8.38
8.44 8.43
8.49 8.49
8.55 8.55
8.6 8.6
8.66 8.66
8.72 8.72
8.77 8.77
8.83 8.83
8.89 8.89
8.94 8.94
9.0 9.0
